1550
25
X
Pure Silica
1.4569507521
Pure Silica
1.4460236215
Pure Silica
1.4460236215
6
6
2
1.4543430137
1.4447047861
5885227.7669
HEIM
Pure Silica
TypeB
 3 
0.6961663 0.004679148 
0.4079426 0.01351206 
0.8974794 97.934002 
400
2440
0.793e-5
0.002
0.75
1.4569507521
Pure Silica
TypeB
 3 
0.6961663 0.004679148 
0.4079426 0.01351206 
0.8974794 97.934002 
400
2440
0.793e-5
0.002

1.4460236215
Pure Silica
TypeB
 3 
0.6961663 0.004679148 
0.4079426 0.01351206 
0.8974794 97.934002 
400
2440
0.793e-5
0.002

1.4460236215
 7 
1520 1.45231499 
1530 1.45215295 
1540 1.45199055 
1550 1.45182779 
1560 1.45166466 
1570 1.45150114 
1580 1.45133724 
1520
1580
0.00000799762
