1550
25
X
Pure Silica
1.4657162215
Pure Silica
1.4440236215
Pure Silica
1.4440236215
3.2
4.5
1
1.4581543518
1.4438602636
5842464.1879
_EIM
Pure Silica
TypeB
 3 
0.6961663 0.004679148 
0.4079426 0.01351206 
0.8974794 97.934002 
400
2440
0.793e-5

1.48
1.4655504096
Pure Silica
TypeB
 3 
0.6961663 0.004679148 
0.4079426 0.01351206 
0.8974794 97.934002 
400
2440
0.793e-5


1.4438602636
Pure Silica
TypeB
 3 
0.6961663 0.004679148 
0.4079426 0.01351206 
0.8974794 97.934002 
400
2440
0.793e-5


1.4438602636
