1546.12
25
X
Pure Silica
1.46606100
Pure Silica
1.44407008
Pure Silica
1.44407008
3.5
4.5
1
1.45945229
1.44407008
5913541.89
_EIM
Pure Silica
TypeB
 3 
0.6961663 0.004679148 
0.4079426 0.01351206 
0.8974794 97.934002 
400
2440
0.793e-5

1.5
1.46606100
Pure Silica
TypeB
 3 
0.6961663 0.004679148 
0.4079426 0.01351206 
0.8974794 97.934002 
400
2440
0.793e-5


1.44407008
Pure Silica
TypeB
 3 
0.6961663 0.004679148 
0.4079426 0.01351206 
0.8974794 97.934002 
400
2440
0.793e-5


1.44407008
