1550
25
Y
Pure Silica
1.4554842692
Pure Silica
1.4460236215
Pure Silica
1.4460236215
6
6
2
1.4543223081
1.4445625251
5885170.3264
HEIM
Pure Silica
TypeB
 3 
0.6961663 0.004679148 
0.4079426 0.01351206 
0.8974794 97.934002 
400
2440
0.793e-5
0.002
0.65
1.4554842692
Pure Silica
TypeB
 3 
0.6961663 0.004679148 
0.4079426 0.01351206 
0.8974794 97.934002 
400
2440
0.793e-5
0.002

1.4460236215
Pure Silica
TypeB
 3 
0.6961663 0.004679148 
0.4079426 0.01351206 
0.8974794 97.934002 
400
2440
0.793e-5
0.002

1.4460236215
 11 
1500 1.45141423 
1510 1.45125754 
1520 1.45110058 
1530 1.45094333 
1540 1.45078579 
1550 1.45062794 
1560 1.45046978 
1570 1.45031131 
1580 1.45015251 
1590 1.44999337 
1600 1.4498339 
1500
1600
0.00000800006
